(***********************************************************************

                    Mathematica-Compatible Notebook

This notebook can be used on any computer system with Mathematica 3.0,
MathReader 3.0, or any compatible application. The data for the notebook 
starts with the line of stars above.

To get the notebook into a Mathematica-compatible application, do one of 
the following:

* Save the data starting with the line of stars above into a file
  with a name ending in .nb, then open the file inside the application;

* Copy the data starting with the line of stars above to the
  clipboard, then use the Paste menu command inside the application.

Data for notebooks contains only printable 7-bit ASCII and can be
sent directly in email or through ftp in text mode.  Newlines can be
CR, LF or CRLF (Unix, Macintosh or MS-DOS style).

NOTE: If you modify the data for this notebook not in a Mathematica-
compatible application, you must delete the line below containing the 
word CacheID, otherwise Mathematica-compatible applications may try to 
use invalid cache data.

For more information on notebooks and Mathematica-compatible 
applications, contact Wolfram Research:
  web: http://www.wolfram.com
  email: info@wolfram.com
  phone: +1-217-398-0700 (U.S.)

Notebook reader applications are available free of charge from 
Wolfram Research.
***********************************************************************)

(*CacheID: 232*)


(*NotebookFileLineBreakTest
NotebookFileLineBreakTest*)
(*NotebookOptionsPosition[      6879,        203]*)
(*NotebookOutlinePosition[      8018,        239]*)
(*  CellTagsIndexPosition[      7974,        235]*)
(*WindowFrame->Normal*)



Notebook[{
Cell[TextData[{
  StyleBox[
  "PROGRAM:  Bayes\nCALLING SEQUENCE:  Bayes[hlist, prior, elist, \
conditional]\nPARAMETERS:\n     hlist , elist - lists of values\n     prior - \
a list of real numbers\n     conditional - a matrix of real numbers\n\
SYNOPSIS:\n     -  This program takes as its parameters hlist, a list of an \
experiment's hypotheses\n        (i.e., the set of all H_i); prior, a list \
whose i",
    FontFamily->"Helvetica"],
  StyleBox["th",
    FontFamily->"Helvetica",
    FontVariations->{"CompatibilityType"->"Superscript"}],
  StyleBox[
  " entry is the prior probability P(H_i);\n        elist, a list of the \
experiment's evidence events (i.e., the set of all E_i); and\n        \
conditional, a matrix whose ij",
    FontFamily->"Helvetica"],
  StyleBox["th",
    FontFamily->"Helvetica",
    FontVariations->{"CompatibilityType"->"Superscript"}],
  StyleBox[
  " entry is the conditional probability P(E_j | H_i). \n        The program \
returns post, a matrix whose ij",
    FontFamily->"Helvetica"],
  StyleBox["th",
    FontFamily->"Helvetica",
    FontVariations->{"CompatibilityType"->"Superscript"}],
  StyleBox[
  " entry is the posterior probability\n        P(H_j | E_i).  The program \
also prints out post with its rows and columns labeled\n        by the \
elements of elist and hlist, respectively.\n     -  Note:  this program \
requires the program \"LabelMatrix[M, rowlabels,\n         columnlabels]\" be \
initialized.\nRETURNED VALUES:\n     -  a matrix whose ij",
    FontFamily->"Helvetica"],
  StyleBox["th",
    FontFamily->"Helvetica",
    FontVariations->{"CompatibilityType"->"Superscript"}],
  StyleBox[
  " entry is the posterior probability P(H_j | E_i)\nLOCATION:\n     Folder:  \
Chapter 4\n     File:        \"Bayes.Chpt4.mat\"",
    FontFamily->"Helvetica"]
}], "Text",
  Evaluatable->False,
  AspectRatioFixed->True],

Cell[TextData[StyleBox["Here's an example:",
  FontFamily->"Helvetica"]], "Text",
  Evaluatable->False,
  AspectRatioFixed->True],

Cell["\<\
Bayes[{d1, d2, d3},{.322,.214,.464},
      {\"++\",\"+-\",\"-+\",\"--\"},
      {{.656,.094,.219,.031},
       {.186,.062,.559,.193},
       {.109,.766,.016,.109}}
     ]\
\>", "Input",
  AspectRatioFixed->True],

Cell[TextData[StyleBox["Return matrix printed with labels:",
  FontFamily->"Helvetica"]], "Text",
  Evaluatable->False,
  AspectRatioFixed->True],

Cell[TextData[
"           d1         d2         d3\n\n++         0.70034    0.13197    \
0.16769\n\n+-         0.075867   0.033256   0.89088\n\n-+         0.35693    \
0.60549    0.037577\n\n--         0.065978   0.59973    0.33429"], "Print",
  Evaluatable->False,
  AspectRatioFixed->True],

Cell[TextData[StyleBox["Returned matrix:",
  FontFamily->"Helvetica"]], "Text",
  Evaluatable->False,
  AspectRatioFixed->True],

Cell[OutputFormData[
"\<\
MatrixForm[{{0.7003434876596423, 0.1319708764903253, 
    0.1676856358500325}, 
   {0.07586725486264287, 0.03325646681371566, 
    0.890876278323642}, {0.3569302721088435, 
    0.6054927923550374, 0.03757693553611921}, 
   {0.06597750076010946, 0.5997329702433673, 
    0.3342895289965234}}]\
\>", "\<\
0.70034    0.13197    0.16769

0.075867   0.033256   0.89088

0.35693    0.60549    0.037577

0.065978   0.59973    0.33429\
\>"], "Output",
  Evaluatable->False,
  AspectRatioFixed->True],

Cell[TextData[
"Clear[Bayes];\nBayes[hlist_, prior_, elist_, conditional_] :=\nBlock[{probe, \
row, post = {}},\n      For[i = 1, i <= Length[conditional[[1]]], i++,\n      \
    probe = Sum[prior[[k]]*conditional[[k]][[i]], \n                      {k, \
1, Length[prior]}];\n          row = {};\n          For[j = 1, j <= \
Length[prior], j++,\n              row = Append[row,\n                        \
   N[prior[[j]]*conditional[[j]][[i]]/probe,5]\n                          ]\n \
            ];\n          post = Append[post, row]\n         ];\n      Answer \
= LabelMatrix[post, elist, hlist];\n      Print[Answer//MatrixForm];\n      \
Return[MatrixForm[post]]\n     ]"], "Input",
  InitializationCell->True,
  AspectRatioFixed->True],

Cell[CellGroupData[{

Cell[TextData[
"Bayes[{d1, d2, d3},{.322,.214,.464},\n      {\"++\",\"+-\",\"-+\",\"--\"},\n \
     {{.656,.094,.219,.031},\n       {.186,.062,.559,.424},\n       \
{.109,.766,.016,.109}}\n     ]"], "Input",
  AspectRatioFixed->True],

Cell[TextData[
"           d1         d2         d3\n\n++         0.70034    0.13197    \
0.16769\n\n+-         0.075867   0.033256   0.89088\n\n-+         0.35693    \
0.60549    0.037577\n\n--         0.065978   0.59973    0.33429"], "Print",
  Evaluatable->False,
  AspectRatioFixed->True],

Cell[OutputFormData[
"\<\
MatrixForm[{{0.7003434876596423, 0.1319708764903253, 
 
    0.1676856358500325}, {0.07586725486264287, 
 
    0.03325646681371566, 0.890876278323642}, 
 
   {0.3569302721088435, 0.6054927923550374, 
 
    0.03757693553611921}, 
 
   {0.06597750076010946, 0.5997329702433673, 
 
    0.3342895289965234}}]\
\>", "\<\
0.70034    0.13197    0.16769

0.075867   0.033256   0.89088

0.35693    0.60549    0.037577

0.065978   0.59973    0.33429\
\>"], "Output",
  Evaluatable->False,
  AspectRatioFixed->True]
}, Open  ]]
},
FrontEndVersion->"Macintosh 3.0",
ScreenRectangle->{{0, 800}, {0, 580}},
AutoGeneratedPackage->Automatic,
WindowToolbars->{},
CellGrouping->Automatic,
WindowSize->{520, 365},
WindowMargins->{{20, Automatic}, {Automatic, 31}},
PrivateNotebookOptions->{"ColorPalette"->{RGBColor, 128}},
ShowCellLabel->True,
ShowCellTags->False,
RenderingOptions->{"ObjectDithering"->True,
"RasterDithering"->False},
CharacterEncoding->"MacintoshAutomaticEncoding",
MacintoshSystemPageSetup->"\<\
00<0001804P000000]X2:?oQon82n@960dL5:0?l0080001804P000000]X2:001
0000I00000400@4100000BL?00400@00000000000000000201T1T0000000@000
00000000004000000000000000000000\>"
]


(***********************************************************************
Cached data follows.  If you edit this Notebook file directly, not using
Mathematica, you must remove the line containing CacheID at the top of 
the file.  The cache data will then be recreated when you save this file 
from within Mathematica.
***********************************************************************)

(*CellTagsOutline
CellTagsIndex->{}
*)

(*CellTagsIndex
CellTagsIndex->{}
*)

(*NotebookFileOutline
Notebook[{
Cell[1709, 49, 1876, 43, 403, "Text"],
Cell[3588, 94, 129, 3, 31, "Text"],
Cell[3720, 99, 221, 8, 96, "Input"],
Cell[3944, 109, 145, 3, 31, "Text"],
Cell[4092, 114, 292, 5, 134, "Print"],
Cell[4387, 121, 127, 3, 31, "Text"],
Cell[4517, 126, 517, 19, 67, "Output"],
Cell[5037, 147, 741, 11, 292, "Input",
  InitializationCell->True],

Cell[CellGroupData[{
Cell[5803, 162, 233, 4, 70, "Input"],
Cell[6039, 168, 292, 5, 70, "Print"],
Cell[6334, 175, 529, 25, 70, "Output"]
}, Open  ]]
}
]
*)




(***********************************************************************
End of Mathematica Notebook file.
***********************************************************************)

